28592 29024 
43678 19181 
52467 39612 
95721 76578 
8867 72813 
98312 18564 
96235 43196 
86866 20680 
63010 60974 
69613 53990 
62014 25671 
65766 48688 
63915 72853 
92390 92699 
59694 18016 
95707 92176 
41218 88006 
43484 82713 
39510 10938 
42316 96573 
40752 91721 
14445 13304 
26262 36901 
23742 48526 
33747 60184 
70484 16952 
75278 87623 
70276 99626 
84576 96894 
48040 57700 
76824 71581 
55333 98391 
58673 98630 
74145 93158 
457 55289 
90587 13589 
13346 89835 
48779 96040 
69726 95968 
76184 42413 
22832 11527 
76137 37774 
7704 76032 
4406 50402 
63953 22511 
84358 88305 
55251 52233 
41348 17698 
82163 65248 
7367 97113 
4446 5527 
31554 47887 
51795 85025 
57793 48790 
18075 25020 
74974 11182 
47645 80933 
62828 78864 
83803 56201 
66821 18901 
35879 90272 
24221 33474 
72074 42625 
84875 10904 
58131 15205 
91948 48183 
83309 44522 
48090 36218 
10263 36573 
20041 61204 
18938 52664 
11842 14078 
97864 90699 
22455 97619 
65027 61918 
53622 79174 
26357 48496 
86549 64602 
28838 55041 
95978 20523 
25 54642 
53422 96929 
75100 25562 
35159 702 
65843 46716 
38808 60154 
16525 72849 
51482 7459 
65108 23115 
19136 25769 
55705 33647 
64725 66995 
27475 8013 
63720 91493 
38204 42720 
61865 15650 
24486 77687 
50683 77291 
91987 80350 
71926 98498 
