28592 29024 5564 
43678 19181 94790 
52467 39612 6012 
95721 76578 1835 
8867 72813 50907 
98312 18564 91450 
96235 43196 36474 
86866 20680 79734 
63010 60974 49643 
69613 53990 80695 
62014 25671 96773 
65766 48688 82788 
63915 72853 54617 
92390 92699 69652 
59694 18016 48280 
95707 92176 71164 
41218 88006 65161 
43484 82713 80192 
39510 10938 87567 
42316 96573 72068 
40752 91721 38866 
14445 13304 92128 
26262 36901 67475 
23742 48526 18378 
33747 60184 30320 
70484 16952 25347 
75278 87623 48382 
70276 99626 97032 
84576 96894 83165 
48040 57700 36918 
76824 71581 79848 
55333 98391 81486 
58673 98630 64800 
74145 93158 69166 
457 55289 69251 
90587 13589 74695 
13346 89835 815 
48779 96040 65308 
69726 95968 61076 
76184 42413 35963 
22832 11527 4989 
76137 37774 78216 
7704 76032 4710 
4406 50402 594 
63953 22511 13084 
84358 88305 95345 
55251 52233 7579 
41348 17698 57871 
82163 65248 43480 
7367 97113 98984 
4446 5527 45018 
31554 47887 23331 
51795 85025 22048 
57793 48790 16540 
18075 25020 48978 
74974 11182 88208 
47645 80933 49491 
62828 78864 74936 
83803 56201 50326 
66821 18901 15734 
35879 90272 24281 
24221 33474 28107 
72074 42625 36610 
84875 10904 80213 
58131 15205 16499 
91948 48183 96027 
83309 44522 52390 
48090 36218 8106 
10263 36573 15327 
20041 61204 76552 
18938 52664 62380 
11842 14078 42673 
97864 90699 89430 
22455 97619 3489 
65027 61918 27781 
53622 79174 90324 
26357 48496 72636 
86549 64602 10601 
28838 55041 48830 
95978 20523 77765 
25 54642 31098 
53422 96929 70489 
75100 25562 49040 
35159 702 35248 
65843 46716 14237 
38808 60154 21566 
16525 72849 76830 
51482 7459 91270 
65108 23115 62846 
19136 25769 36429 
55705 33647 81022 
64725 66995 76025 
27475 8013 49805 
63720 91493 70316 
38204 42720 41016 
61865 15650 27863 
24486 77687 54843 
50683 77291 60736 
91987 80350 73312 
71926 98498 88380 
